Rectangle 227 122 329 193 -65536 -14336
Rectangle 346 188 202 280 -65536 -14336
Rectangle 189 280 167 146 -65536 -14336
Rectangle 160 114 239 218 -65536 -14336
Rectangle 114 142 212 242 -65536 -3407770
Rectangle 311 334 367 408 -65536 -14336
Rectangle 254 215 323 267 -10027162 -16711885
Rectangle 324 349 360 397 -10027162 -16711885
Ellipse 255 219 321 264 -65536 -14336
Ellipse 326 352 358 396 -65536 -14336
Ellipse 269 226 307 257 -65536 -13421569
Ellipse 334 358 352 390 -65536 -13421569
Ellipse 116 145 209 240 -65536 -13421569
Line 329 124 204 279 -65536 -65536
Line 114 143 159 117 -65536 -65536
Line 212 146 238 117 -65536 -65536
Line 214 244 240 215 -65536 -65536
Line 348 190 368 332 -65536 -65536
Line 203 280 310 407 -65536 -65536
Line 312 336 277 282 -65536 -65536
Line 103 380 133 378 -65536 -65536
Line 118 381 121 415 -65536 -65536
Line 138 379 156 410 -65536 -65536
Line 158 376 140 407 -65536 -65536
Line 169 375 197 372 -65536 -65536
Line 182 375 185 405 -65536 -65536
Line 122 426 215 420 -65536 -65536
Line 89 436 199 428 -65536 -65536
