10;-33
59;39
-84;33
100;63
5;10
-73;-26
-88;-46
-8;13
74;-28
63;100
-57;33
-42;10
79;-49
-34;-22
-53;30
-82;-35
43;58
-55;26
-55;18
24;-74
95;51
-65;-80
23;48
-1;84
-50;-21
-54;-96
71;57
62;97
-54;-42
17;70
21;49
40;-90
89;51
2;-54
-16;82
-75;-31
32;72
-29;-11
-81;-35
-22;94
-40;-2
51;8
-74;-99
-74;10
-21;96
-11;-6
-92;-99
74;-64
98;-53
-28;-79
-7;76
-35;76
99;-9
60;67
-46;-58
-84;-66
80;57
92;-82
-78;-34
-50;28
76;13
-80;-73
-68;-41
-35;-22
25;95
-84;66
90;47
-29;66
2;-54
-88;-48
12;-50
-99;-55
78;47
28;-1
15;-19
-38;92
32;27
37;53
9;-12
-90;-30
-29;80
23;68
78;-31
-74;11
-16;55
98;4
-7;82
-20;86
-15;-64
-4;-25
-52;58
39;49
-25;5
54;-69
60;65
-70;-46
-21;75
73;30
21;-81
-85;9
